Currency	RateYear	RateMonth	AvgMthlyBuyingRate	AvgMthlyCentralRate	AvgMthlySellingRate
US DOLLAR	2002	1	112.915909	113.415909	113.915909
US DOLLAR	2002	2	113.752631	114.252631	114.752631
US DOLLAR	2002	3	115.060000	115.560000	116.060000
US DOLLAR	2002	4	115.130000	115.630000	116.130000
US DOLLAR	2002	5	115.550000	116.050000	116.550000
US DOLLAR	2002	6	117.695000	118.045000	118.545000
US DOLLAR	2002	7	122.843913	123.343913	123.843913
US DOLLAR	2002	8	124.530909	125.030909	125.530909
US DOLLAR	2002	9	125.475500	125.975500	126.475500
US DOLLAR	2002	10	125.476190	125.976190	126.476190
US DOLLAR	2002	11	125.822857	126.322857	126.822857
US DOLLAR	2002	12	125.887058	126.387058	126.887058
US DOLLAR	2003	1	126.090000	126.590000	127.090000
US DOLLAR	2003	2	126.502777	127.002777	127.502777
US DOLLAR	2003	3	126.365500	126.856500	127.365500
US DOLLAR	2003	4	126.533000	126.983000	127.483000
US DOLLAR	2003	5	126.668421	127.168421	127.668421
US DOLLAR	2003	6	126.900952	127.400952	127.900952
US DOLLAR	2003	7	126.960909	127.324545	127.824545
US DOLLAR	2003	8	127.105238	127.605238	128.105238
US DOLLAR	2003	9	127.672272	128.172272	128.672272
US DOLLAR	2003	10	128.787272	129.287272	129.787272
US DOLLAR	2003	11	135.606666	136.106666	136.606666
US DOLLAR	2003	12	136.219285	136.719285	137.219285
US DOLLAR	2004	1	135.038571	135.538571	136.038571
US DOLLAR	2004	2	134.155263	134.655263	135.155263
US DOLLAR	2004	3	133.471304	133.971304	134.471304
US DOLLAR	2004	4	132.490000	132.990000	133.490000
US DOLLAR	2004	5	132.011904	132.511904	133.011904
US DOLLAR	2004	6	131.750000	132.250000	132.750000
US DOLLAR	2004	7	131.797000	132.297000	132.797000
US DOLLAR	2004	8	131.829545	132.306818	132.784090
US DOLLAR	2004	9	131.844545	132.344545	132.844545
US DOLLAR	2004	10	131.881500	132.381500	132.881500
US DOLLAR	2004	11	131.921000	132.396000	132.871000
US DOLLAR	2004	12	131.857826	132.357826	132.857826
US DOLLAR	2005	1	131.860000	132.360000	132.860000
US DOLLAR	2005	2	131.853000	132.353000	132.853000
US DOLLAR	2005	3	131.853333	132.353333	132.853333
US DOLLAR	2005	4	131.852500	132.352500	132.852500
US DOLLAR	2005	5	131.819500	132.319500	132.819500
US DOLLAR	2005	6	131.868636	132.368636	132.868636
US DOLLAR	2005	7	131.869500	132.369500	132.869500
US DOLLAR	2005	8	131.089565	131.567826	132.046086
US DOLLAR	2005	9	128.517727	129.017727	129.517727
US DOLLAR	2005	10	128.542500	129.042500	129.542500
US DOLLAR	2005	11	128.364210	128.864210	129.364210
US DOLLAR	2005	12	128.001111	128.501111	129.001111
US DOLLAR	2006	1	128.000000	128.500000	129.000000
US DOLLAR	2006	2	127.325000	127.825000	128.325000
US DOLLAR	2006	3	126.477272	126.977272	127.477272
US DOLLAR	2006	4	126.195000	126.695000	127.195000
US DOLLAR	2006	5	126.179523	126.679523	127.179523
US DOLLAR	2006	6	126.183333	126.683333	127.183333
US DOLLAR	2006	7	126.117142	126.617142	127.117142
US DOLLAR	2006	8	126.058181	126.558181	127.058181
US DOLLAR	2006	9	126.019523	126.519523	127.019523
US DOLLAR	2006	10	126.011578	126.511578	127.011578
US DOLLAR	2006	11	126.015909	126.515909	127.015909
US DOLLAR	2006	12	126.016842	126.516842	127.016842
US DOLLAR	2007	1	126.005789	126.505789	127.005789
US DOLLAR	2007	2	125.998500	126.498500	126.998500
US DOLLAR	2007	3	125.899047	126.399047	126.899047
US DOLLAR	2007	4	125.726666	126.226666	126.726666
US DOLLAR	2007	5	125.310476	125.810476	126.310476
US DOLLAR	2007	6	125.187692	125.687692	126.187692
US DOLLAR	2007	7	124.922105	125.421578	125.921052
US DOLLAR	2007	8	124.406590	124.906590	125.406590
US DOLLAR	2007	9	123.620526	124.120526	124.620526
US DOLLAR	2007	10	122.178947	122.678947	123.178947
US DOLLAR	2007	11	118.192727	118.692727	119.192727
US DOLLAR	2007	12	115.950588	116.450588	116.950588
US DOLLAR	2008	1	115.807727	116.307727	116.807727
US DOLLAR	2008	2	115.791428	116.291428	116.791428
US DOLLAR	2008	3	115.752777	116.252777	116.752777
US DOLLAR	2008	4	115.708181	116.208181	116.708181
US DOLLAR	2008	5	115.669000	116.169000	116.669000
US DOLLAR	2008	6	115.642857	116.142857	116.642857
US DOLLAR	2008	7	115.602608	116.102608	116.602608
US DOLLAR	2008	8	115.576190	116.076190	116.576190
US DOLLAR	2008	9	115.560000	116.060000	116.560000
US DOLLAR	2008	10	115.559090	116.059090	116.559090
US DOLLAR	2008	11	115.578500	116.078500	116.578500
US DOLLAR	2008	12	128.075789	128.575789	129.075789
US DOLLAR	2009	1	141.756500	142.256500	142.756500
US DOLLAR	2009	2	144.677500	145.177500	145.677500
US DOLLAR	2009	3	145.300000	145.800000	146.300000
US DOLLAR	2009	4	144.769500	145.269500	145.769500
US DOLLAR	2009	5	145.378947	145.878947	146.378947
US DOLLAR	2009	6	145.735000	146.235000	146.735000
US DOLLAR	2009	7	146.141304	146.641304	147.141304
US DOLLAR	2009	8	149.321904	149.821904	150.321904
US DOLLAR	2009	9	150.109500	150.609500	151.109500
US DOLLAR	2009	10	146.879047	147.379047	147.879047
US DOLLAR	2009	11	148.591111	149.091111	149.591111
US DOLLAR	2009	12	147.210476	147.710476	148.210476
US DOLLAR	2010	1	147.322000	147.822000	148.322000
US DOLLAR	2010	2	147.737368	148.237368	148.737368
US DOLLAR	2010	3	147.345909	147.845909	148.345909
US DOLLAR	2010	4	147.398000	147.898000	148.398000
US DOLLAR	2010	5	147.815000	148.317500	148.820000
US DOLLAR	2010	6	147.723181	148.223181	148.723181
US DOLLAR	2010	7	147.603636	148.103636	148.603636
US DOLLAR	2010	8	147.774090	148.274090	148.774090
US DOLLAR	2010	9	148.540000	149.040000	149.540000
US DOLLAR	2010	10	148.718000	149.193000	149.668000
US DOLLAR	2010	11	147.742500	148.242500	148.742500
US DOLLAR	2010	12	148.059047	148.559047	149.059047
US DOLLAR	2011	1	149.049500	149.524500	149.999500
US DOLLAR	2011	2	149.436666	149.936666	150.436666
US DOLLAR	2011	3	149.997391	150.497391	150.997391
US DOLLAR	2011	4	151.396111	151.896111	152.396111
US DOLLAR	2011	5	152.276111	152.776111	153.276111
US DOLLAR	2011	6	151.973181	152.473181	152.973181
US DOLLAR	2011	7	149.360000	149.860000	150.360000
US DOLLAR	2011	8	150.203333	150.703333	151.203333
US DOLLAR	2011	9	152.745000	153.245000	153.745000
US DOLLAR	2011	10	150.689500	151.214500	151.739500
US DOLLAR	2011	11	153.164000	153.664000	154.164000
US DOLLAR	2011	12	155.641000	156.141000	156.641000
US DOLLAR	2012	1	155.818571	156.318571	156.818571
US DOLLAR	2012	2	155.300000	155.800000	156.300000
US DOLLAR	2012	3	155.027272	155.527272	156.027272
US DOLLAR	2012	4	154.773684	155.273684	155.773684
US DOLLAR	2012	5	154.717500	155.217500	155.717500
US DOLLAR	2012	6	154.881428	155.381428	155.881428
US DOLLAR	2012	7	154.875454	155.375454	155.875454
US DOLLAR	2012	8	154.823333	155.321428	155.821428
US DOLLAR	2012	9	154.785000	155.285000	155.785000
US DOLLAR	2012	10	154.758000	155.258000	155.758000
US DOLLAR	2012	11	154.750476	155.202857	155.750476
US DOLLAR	2012	12	154.766315	155.266315	155.766315
US DOLLAR	2013	1	154.743333	155.243809	155.743809
US DOLLAR	2013	2	154.742000	155.242000	155.742000
US DOLLAR	2013	3	154.754000	155.254000	155.754000
US DOLLAR	2013	4	154.747619	155.247619	155.747619
US DOLLAR	2013	5	154.743333	155.243333	155.743333
US DOLLAR	2013	6	154.749000	155.249000	155.749000
US DOLLAR	2013	7	154.759130	155.259130	155.759130
US DOLLAR	2013	8	154.756000	155.256000	155.756000
US DOLLAR	2013	9	154.758095	155.258095	155.758095
US DOLLAR	2013	10	154.858000	155.358000	155.858000
US DOLLAR	2013	11	154.711500	155.211500	155.711500
US DOLLAR	2013	12	154.717000	155.217000	155.717000
US DOLLAR	2014	1	154.734285	155.234285	155.734285
US DOLLAR	2014	2	154.750000	155.250000	155.750000
US DOLLAR	2014	3	154.743333	155.243333	155.743333
US DOLLAR	2014	4	154.734500	155.234500	155.734500
US DOLLAR	2014	5	154.730000	155.230000	155.730000
US DOLLAR	2014	6	154.730000	155.230000	155.730000
US DOLLAR	2014	7	154.730000	155.230000	155.730000
US DOLLAR	2014	8	154.730000	155.230000	155.730000
US DOLLAR	2014	9	154.743181	155.243181	155.743181
US DOLLAR	2014	10	154.756500	155.256500	155.756500
US DOLLAR	2014	11	157.412000	157.912000	158.412000
US DOLLAR	2014	12	167.000000	167.500000	168.000000
US DOLLAR	2015	1	167.000000	167.500000	168.000000
US DOLLAR	2015	2	177.650000	178.150000	178.650000
US DOLLAR	2015	3	196.072727	196.572727	197.072727
US DOLLAR	2015	4	196.000000	196.500000	197.000000
US DOLLAR	2015	5	196.000000	196.500000	197.000000
US DOLLAR	2015	6	195.913636	196.415909	196.915909
US DOLLAR	2015	7	195.971428	196.471428	196.971428
US DOLLAR	2015	8	196.000000	196.500000	197.000000
US DOLLAR	2015	9	195.997500	196.497500	196.997500
US DOLLAR	2015	10	195.988571	196.488571	196.988571
US DOLLAR	2015	11	195.991428	196.491428	196.991428
US DOLLAR	2015	12	195.986500	196.486500	196.986500
US DOLLAR	2016	1	196.000000	196.550000	197.000000
US DOLLAR	2016	2	196.000000	196.500000	197.000000
US DOLLAR	2016	3	196.000000	196.500000	197.000000
US DOLLAR	2016	4	196.000000	196.500000	197.000000
US DOLLAR	2016	5	196.000000	196.500000	197.000000
US DOLLAR	2016	6	230.761363	231.261363	231.761363
US DOLLAR	2016	7	293.572222	294.072222	294.572222
US DOLLAR	2016	8	308.730434	309.230434	309.730434
US DOLLAR	2016	9	304.225000	304.725000	305.225000
US DOLLAR	2016	10	304.212500	304.712500	305.212500
US DOLLAR	2016	11	304.181818	304.681818	305.181818
US DOLLAR	2016	12	304.223684	304.723684	305.223684
US DOLLAR	2017	1	304.202380	304.702380	305.202380
US DOLLAR	2017	2	304.312500	304.812500	305.312500
US DOLLAR	2017	3	305.402173	305.902173	306.402173
US DOLLAR	2017	4	305.052777	305.552777	306.052777
US DOLLAR	2017	5	304.538095	305.038095	305.538095
US DOLLAR	2017	6	304.712500	305.212500	305.712500
US DOLLAR	2017	7	304.861904	305.361904	305.861904
US DOLLAR	2017	8	304.667391	305.167391	305.667391
US DOLLAR	2017	9	304.886842	305.386842	305.886842
US DOLLAR	2017	10	304.623809	305.123809	305.623809
US DOLLAR	2017	11	304.904545	305.404545	305.904545
US DOLLAR	2017	12	305.313888	305.813888	306.313888
US DOLLAR	2018	1	304.777272	305.277272	305.777272
US DOLLAR	2018	2	304.895000	305.395000	305.895000
US DOLLAR	2018	3	304.738095	305.240476	305.742857
US DOLLAR	2018	4	304.610000	305.110000	305.610000
US DOLLAR	2018	5	304.826190	305.326190	305.826190
US DOLLAR	2018	6	304.871052	305.371052	305.871052
US DOLLAR	2018	7	304.806818	305.306818	305.806818
US DOLLAR	2018	8	305.057142	305.557142	306.057142
US DOLLAR	2018	9	305.272500	305.772500	306.272500
US DOLLAR	2018	10	305.495454	305.995454	306.495454
US DOLLAR	2018	11	305.711904	306.211904	306.711904
US DOLLAR	2018	12	305.921052	306.421052	306.921052
US DOLLAR	2019	1	305.845454	306.345454	306.845454
US DOLLAR	2019	2	305.770000	306.270000	306.770000
US DOLLAR	2019	3	305.923809	306.423809	306.923809
US DOLLAR	2019	4	305.963157	306.463157	306.963157
US DOLLAR	2019	5	305.950000	306.450000	306.950000
US DOLLAR	2019	6	305.947058	306.447058	306.947058
US DOLLAR	2019	7	305.936956	306.436956	306.936956
US DOLLAR	2019	8	305.932500	306.432500	306.932500
US DOLLAR	2019	9	305.917500	306.417500	306.917500
US DOLLAR	2019	10	305.961904	306.461904	306.961904
US DOLLAR	2019	11	305.947500	306.447500	306.947500
US DOLLAR	2019	12	305.950000	306.450000	306.950000
US DOLLAR	2020	1	305.959523	306.459523	306.959523
US DOLLAR	2020	2	305.955000	306.455000	306.955000
US DOLLAR	2020	3	326.561904	327.061904	327.561904
US DOLLAR	2020	4	360.000000	360.500000	361.000000
US DOLLAR	2020	5	360.000000	360.500000	361.000000
US DOLLAR	2020	6	360.000000	360.500000	361.000000
US DOLLAR	2020	7	360.000000	360.500000	361.000000
US DOLLAR	2020	8	376.285714	376.785714	377.285714
US DOLLAR	2020	9	379.000000	379.500000	380.000000
US DOLLAR	2020	10	379.052631	379.552631	380.052631
US DOLLAR	2020	11	379.000000	379.500000	380.000000
US DOLLAR	2020	12	379.000000	379.500000	380.000000
US DOLLAR	2021	1	379.000000	379.500000	380.000000
US DOLLAR	2021	2	379.000000	379.500000	380.000000
US DOLLAR	2021	3	379.000000	379.500000	380.000000
US DOLLAR	2021	4	379.000000	379.500000	380.000000
US DOLLAR	2021	5	396.645833	397.145833	397.645833
US DOLLAR	2021	6	409.164761	409.664761	410.164761
US DOLLAR	2021	7	409.132631	409.632631	410.132631
US DOLLAR	2021	8	409.153181	409.653181	410.153181
US DOLLAR	2021	9	409.471363	410.016818	410.562272
US DOLLAR	2021	10	409.912631	410.412631	410.912631
US DOLLAR	2021	11	410.146363	410.805454	411.464545
US DOLLAR	2021	12	410.323333	411.132857	411.942380
US DOLLAR	2022	1	414.010000	414.535000	415.060000
US DOLLAR	2022	2	415.649000	416.149000	416.649000
US DOLLAR	2022	3	415.330909	415.830909	416.330909
US DOLLAR	2022	4	414.748888	415.387777	416.026666
US DOLLAR	2022	5	414.482631	415.087894	415.693157
US DOLLAR	2022	6	414.363000	415.013000	415.663000
US DOLLAR	2022	7	413.815000	414.815000	415.815000